Filename Size
6805.230201090825 2.9
6805.230201150825 766
6805.230201180825 2.1
6805.230201210825 1001
6805.230202000825 134
6805.230202030825 879
6805.230202100825 252
6805.230202120825 419
6805.230202150825 774
6805.230202180825 315
6805.230203000825 776
6805.230203090826 925
6805.230203110826 686
6805.230203150826 831
6805.230203180826 2.5
6805.230203210826 3
6805.230204030826 1000
6805.230204090826 950
6805.230204120826 4.1
6805.230204180826 253
6805.230204210826 4.2
6805.230205000826 5.7
6805.230205030826 1.3
6805.230205090826 198
6805.230205150826 1.4
6805.230205180826 3.9
6805.230205183826 6.2
6805.230205210826 4.6
6805.230206000826 4
6805.230206030826 19.5
6805.230206090827 9.7
6805.230206100827 6.5
6805.230206163827 21.8
6805.230206210827 6.7
6805.230206233827 2.9
6805.230207000827 1.9
6805.230207043827 15.5
6805.230207120827 18.7
